Competition: Copa Mustang

BlockSource: http://www.rsssf.com/tablesc/col48.html
Season: 1948

* The professional championship in Colombia began at 15 August 1948 with the match Atlético Municipal [Medellin]  Vs. Universidad de Pereira [Bogotá], it finished 2-0.

 1; Santa Fe      ; 18;   12;    3;    3;    57; 29   27
 2; Junior        ; 18;   11;    1;    6;    48; 35   23
 3; D. Caldas     ; 18;    8;    4;    6;    45; 40   20
 4; Millonarios   ; 18;    9;    1;    8;    58; 45   19
 5; América       ; 18;    8;    2;    8;    40; 31   18
 6; Municipal     ; 18;    7;    4;    7;    29; 36   18
 7; Medellin      ; 18;    7;    3;    8;    37; 49   17
 8; Cali          ; 18;    6;    4;    8;    35; 41   16
 9; Once Deport.  ; 18;    5;    5;    8;    32; 50   15
10; Universidad   ; 18;    3;    2;   13;    28; 53    8

* Independiente Santa Fe [Bogota] champions of Colombia 1948


Season: 1949

 1;  Millonarios   ; 26;   20;    4;    2;     99; 35;    44;
 2;  Cali          ; 26;   20;    4;    2;     89; 41;    44;
 3;  Santa Fe      ; 26;   17;    5;    4;    102; 50;    39;
 4;  Dep. Caldas   ; 26;   16;    0;   10;     69; 53;    32;
 5;  Medellín      ; 26;   12;    5;    9;     58; 60;    29;
 6;  Universidad   ; 26;    9;    9;    8;     46; 42;    27;
 7;  Municipal     ; 26;    8;    8;   10;     40; 60;    24;
 8;  Boca Juniors  ; 26;    9;    5;   12;     45; 58;    23;
 9;  Once D/tivo   ; 26;    9;    2;   15;     40; 66;    20;
10;  América       ; 26;    7;    4;   15;     53; 67;    18;
11;  Bucaramanga   ; 26;    7;    4;   15;     48; 81;    18;
12;  Huracán       ; 26;    6;    5;   15;     47; 75;    17;
13;  Dep. B/quilla ; 26;    5;    5;   16;     34; 49;    15;
14;  Dep. Pereira  ; 26;    4;    6;   16;     44; 77;    14;


Season: 1950

 1; Dep. Caldas   ; 30;   20;    5;    5;   91; 48;   45
 2; Millonarios   ; 30;   17;    9;    4;   68; 41;   43
 3; Dep. Cali     ; 30;   18;    5;    7;   73; 48;   41
 4; Medellín      ; 30;   15;    4;   11;   60; 45;   34
 5; Cúcuta        ; 30;   15;    3;   12;   61; 56;   33
 6; Bucaramanga   ; 30;   13;    6;   11;   51; 46;   32
 7; Boca Juniors  ; 30;   12;    8;   10;   79; 60;   32
 8; Santa Fe      ; 30;   12;    8;   10;   67; 59;   32
 9; Junior        ; 30;   12;    7;   11;   52; 57;   31
10; América       ; 30;   11;    8;   11;   62; 64;   30
11; Sporting      ; 30;   11;    7;   12;   70; 79;   29
12; Universidad   ; 30;    9;    5;   16;   55; 75;   23
13; Pereira       ; 30;    7;    9;   14;   62; 79;   23
14; Huracán       ; 30;    7;    6;   17;   57; 96;   20
15; Municipal     ; 30;    6;    4;   20;   55; 79;   16
16; Once Deportivo; 30;    4;    8;   18;   44; 75;   16


Season: 1951

 1; Millonarios   ; 34;   28;    4;    2;     98; 29;    60
 2; Boca Juniors  ; 34;   22;    5;    7;    110; 55;    49
 3; Cúcuta        ; 34;   21;    6;    7;     93; 56;    48
 4; Dep. Cali     ; 34;   19;   10;    5;     82; 46;    48
 5; Quindío       ; 34;   15;    9;   10;     70; 62;    39
 6; Santa Fe      ; 34;   14;    9;   11;     90; 75;    37
 7; Sporting      ; 34;   14;    9;   11;     78; 73;    37
 8; Junior        ; 34;   14;    8;   12;     66; 58;    36
 9; Once Deportivo; 34;   14;    7;   13;     72; 66;    35
10; D. Caldas     ; 34;   14;    6;   14;     77; 74;    34
11; Pereira       ; 34;   12;   10;   12;     66; 67;    34
12; Bucaramanga   ; 34;   14;    6;   14;     55; 60;    34
13; América       ; 34;   11;    7;   16;     66; 76;    29
14; Samarios      ; 34;   10;    7;   17;     64; 69;    27
15; Nacional      ; 34;    7;    9;   18;     54; 96;    23
16; Medellín      ; 34;    6;    7;   21;     51; 92;    19
17; Universidad   ; 34;    5;    4;   25;     48; 12;6   14
18; Huracán       ; 34;    2;    3;   27;     33; 93;     9


Season: 1952


 1; Millonarios   ; 28;   20;    6;    2;   70; 14;   46
 2; Boca Juniors  ; 28;   18;    4;    6;   67; 36;   40
 3; Pereira       ; 28;   16;    5;    7;   50; 44;   37
 4; Cali          ; 28;   15;    5;    8;   69; 41;   35
 5; Quindio       ; 28;   14;    7;    7;   67; 43;   33
 6; Junior        ; 28;   14;    5;    9;   57; 43;   33
 7; America       ; 28;   12;    7;    9;   50; 38;   33
 8; Cúcuta        ; 28;   14;    4;   10;   54; 36;   32
 9; Santa Fe      ; 28;    9;    7;   12;   54; 65;   25
10; Universidad   ; 28;    9;    6;   13;   53; 54;   24
11; Samarios      ; 28;    7;    5;   16;   38; 78;   19
12; Manizales     ; 28;    7;    4;   17;   38; 60;   18
13; Nacional      ; 28;    5;    7;   16;   38; 69;   17
14; Sporting      ; 28;    7;    2;   19;   33; 66;   16
15; Bucaramanga   ; 28;    3;    6;   19;   35; 86;   12


Season: 1953

 1; Millonarios   ; 22;   14;    7;    1;   51; 22;   35
 2; Quindío       ; 22;   14;    5;    3;   66; 40;   33
 3; Boca Jrs      ; 22;   13;    5;    4;   44; 30;   31
 4; Santa Fe      ; 22;   12;    5;    5;   57; 30;   29
 5; Cúcuta        ; 22;   11;    4;    7;   58; 42;   26
 6; Cali          ; 22;    9;    8;    5;   38; 30;   26
 7; Nacional      ; 22;   10;    5;    7;   57; 45;   25
 8; Magdalena     ; 22;    6;    3;   13;   35; 58;   15
 9; Sporting      ; 22;    6;    3;   13;   38; 68;   15
10; Júnior        ; 22;    4;    7;   11;   38; 53;   15
11; Pereira       ; 22;    6;    2;   14;   42; 72;   14
12; Bucaramanga   ; 22;    0;    0;   22;   11; 45;    0

Season: 1954

 1; Nacional     ; 18;   14;    3;    1;   58; 26;   31
 2; Quindio      ; 18;   11;    3;    4;   57; 27;   25
 3; Medellín     ; 18;   11;    2;    5;   48; 24;   24
 4; Manizales    ; 18;    8;    4;    6;   31; 34;   20
 5; Millonarios  ; 17;    7;    4;    6;   31; 28;   18
 6; Boca Jrs     ; 16;    6;    3;    7;   32; 33;   15
 7; América      ; 18;    4;    7;    7;   33; 47;   15
 8; Magdalena    ; 17;    5;    2;   10;   20; 36;   12
 9; Cali         ; 17;    2;    3;   12;   24; 44;    7
10; Santa Fe     ; 15;    1;    3;   11;   16; 51;    5



Season: 1955

 1; Medellín     ; 27;   21;    2;    4;   69; 24;   44
 2; Nacional     ; 27;   16;    7;    4;   63; 35;   39
 3; Quindío      ; 27;   15;    7;    5;   66; 37;   37
 4; Millonarios  ; 27;   10;   10;    7;   58; 45;   30
 5; Boca Jrs     ; 27;   11;    6;   10;   45; 43;   28
 6; América      ; 27;    8;    7;   12;   45; 50;   23
 7; Tolima       ; 27;    7;    6;   14;   47; 65;   20
 8; Cúcuta       ; 27;    8;    4;   15;   47; 71;   20
 9; Santa Fe     ; 27;    5;    8;   14;   33; 58;   18
10; Cali         ; 27;    3;    5;   19;   34; 79;   11

Season: 1956

 1; Quindío      ; 24;   17;    3;    4;   67; 34;   37
 2; Millonarios  ; 24;   16;    2;    6;   48; 35;   34
 3; Boca Jrs     ; 24;   14;    5;    5;   55; 44;   33
 4; Cùcuta       ; 24;   13;    6;    5;   64; 38;   32
 5; Medellín     ; 24;   12;    6;    6;   62; 35;   30
 6; Tolima       ; 24;   12;    6;    6;   48; 34;   30
 7; América      ; 24;   11;    2;   11;   44; 46;   24
 8; Libertad     ; 24;    9;    3;   12;   44; 59;   21
 9; Nacional     ; 24;    8;    4;   12;   53; 57;   20
10; Pereira      ; 24;    6;    3;   15;   38; 56;   15
11; Bucaramanga  ; 24;    5;    5;   14;   34; 56;   15
12; Santa Fe     ; 24;    6;    1;   17;   35; 56;   13
13; Magdalena    ; 24;    3;    2;   19;   34; 76;    8

Season: 1957

 1; Medellín      ; 22;   16;    4;    2;   69; 31;   36
 2; Boca Jrs      ; 22;   12;    5;    5;   43; 16;   29
 3; Quindío       ; 22;   10;    4;    8;   34; 32;   24
 4; Pereira       ; 22;    9;    6;    7;   41; 51;   24
 5; Cúcuta        ; 22;    7;    8;    7;   37; 38;   22
 6; Santa Fe      ; 22;    7;    7;    8;   52; 52;   21
 7; Magdalena     ; 22;    7;    7;    8;   32; 32;   21
 8; Tolima        ; 22;    7;    6;    9;   41; 47;   20
 9; América       ; 22;    8;    3;   11;   39; 45;   19
10; Nacional      ; 22;    6;    5;   11;   31; 41;   17
11; Bucaramanga   ; 22;    6;    4;   12;   28; 37;   16
12; Millonarios   ; 22;    4;    8;   10;   25; 40;   16

Season: 1958

 1; Santa Fe      ; 36;   17;   14;    5;   78; 51;   48   [Bogotá]
 2; Millonarios   ; 36;   20;    7;    9;   68; 42;   47   [Bogotá]
 3; Bucaramanga   ; 36;   18;    8;   10;   68; 54;   44   [Bucaramanga]
 4; Pereira       ; 36;   18;    6;   12;   60; 54;   42   [Pereira]
 5; Nacional      ; 36;   14;   11;   11;   66; 56;   39   [Medellín]
 6; Tolima        ; 36;   12;   14;   10;   65; 61;   38   [Ibagué]
 7; Cúcuta        ; 36;   11;   11;   14;   63; 66;   33   [Cúcuta]
 8; Quindío       ; 36;   10;   11;   15;   68; 64;   31   [Armenia]
 9; Manizales     ; 36;   10;    6;   20;   65; 98;   26   [Manizales]
10; América       ; 36;    4;    4;   28;   44; 99;   12   [Cali]


Season: 1959


 1; Millonarios  ; 44;   22;   14;    8;   85; 52;   58
 2; Medellín     ; 44;   20;   12;   12;   84; 66;   52
 3; Cali         ; 44;   18;   14;   12;   81; 64;   50
 4; Pereira      ; 44;   18;   10;   15;   94; 91;   46
 5; Nacional     ; 44;   16;   10;   17;   87; 87;   42
 6; Santa Fe     ; 44;   15;   12;   15;   78; 68;   42
 7; Cúcuta       ; 44;   13;   16;   15;   80; 85;   42
 8; Quindío      ; 44;   13;   14;   17;   60; 70;   40
 9; Bucaramanga  ; 44;   14;   11;   19;   67; 78;   39
10; Magdalena    ; 44;   13;   12;   19;   52; 72;   38
11; Tolima       ; 44;   12;   14;   18;   78; 95;   38
12; América      ; 44;   12;   13;   19;   71; 89;   37
  


Season: 1960

 1; Santa Fe     ; 44;   22;   17;    5;   95; 64;   61
 2; América      ; 44;   21;   13;   10;   62; 42;   55
 3; Bucaramanga  ; 44;   20;   14;   10;   74; 53;   54
 4; Cali         ; 44;   20;    9;   15;   76; 71;   49
 5; Medellín     ; 44;   18;   12;   14;   64; 51;   48
 6; Millonarios  ; 44;   16;   13;   15;   69; 57;   45
 7; Tolima       ; 44;   16;   13;   15;   82; 85;   45
 8; Quindío      ; 44;   14;   15;   15;   64; 71;   43 
 9; Nacional     ; 44;   15;    7;   22;   66; 72;   37
10; Magdalena    ; 44;   10;   12;   22;   57; 83;   32
11; Cúcuta       ; 44;   11;    8;   25;   49; 83;   30
12; Pereira      ; 44;    8;   13;   23;   57; 83;   29


Season: 1961

 1; Millonarios  ; 44;   25;   12;    7;   95; 56;   62
 2; Medellín     ; 44;   21;   12;   11;   72; 54;   54
 3; Santa Fe     ; 44;   21;    8;   15;   99; 73;   50
 4; Cúcuta       ; 44;   16;   15;   13;   71; 66;   47
 5; Cali         ; 44;   17;   12;   15;   75; 65;   46
 6; Bucaramanga  ; 44;   16;   12;   16;   61; 61;   44
 7; Once Caldas  ; 44;   15;   13;   16;   64; 58;   43
 8; América      ; 44;   15;   10;   19;   65; 74;   40
 9; Pereira      ; 44;   15;   10;   19;   68; 82;   40
10; Quindío      ; 44;   12;   13;   19;   54; 91;   37
11; Nacional     ; 44;   13;    9;   22;   69; 90;   35
12; Tolima       ; 44;    9;   12;   23;   53; 76;   30


Season: 1962

 1; Millonarios  ; 44;   25;   11;    8;   96; 44;   61
 2; Cali         ; 44;   25;    7;   12;  104; 61;   57
 3; Pereira      ; 44;   21;   11;   12;   77; 71;   53
 4; Once Caldas  ; 44;   22;    8;   14;   84; 59;   52
 5; América      ; 44;   20;   12;   12;   72; 54;   52 
 6; Medellín     ; 44;   18;   11;   15;   80; 81;   47
 7; Bucaramanga  ; 44;   16;   10;   18;   65; 66;   42
 8; Cúcuta       ; 44;   16;    9;   19;   92; 92;   41
 9; Santa Fe     ; 44;   15;    9;   20;   69; 84;   39  
10; Nacional     ; 44;   10;    9;   25;   56; 96;   29
11; Tolima       ; 44;    9;   11;   24;   47; 83;   29 
12; Quindío      ; 44;    6;   12;   26;   51; 102;  24

Season: 1963

 1; Millonarios  ; 48;   27;    9;   12;  102; 60;   63
 2; Santa Fe     ; 48;   24;   13;   11;  112; 61;   61
 3; Cali         ; 48;   23;   14;   11;   77; 59;   60
 4; Cúcuta       ; 48;   21;   14;   13;   96; 67;   56
 5; Once Caldas  ; 48;   21;   12;   15;   95; 96;   54 
 6; Medellín     ; 48;   18;   14;   16;   73; 66;   50
 7; Pereira      ; 48;   18;   12;   18;   96; 77;   48
 8; América      ; 48;   13;   21;   14;   73; 67;   47
 9; Quindío      ; 48;   16;   14;   18;   63; 75;   46
10; Nacional     ; 48;   16;    9;   23;   79; 101;  41
11; Bucaramanga  ; 48;   14;   13;   21;   66; 80;   41
12; Magdalena    ; 48;   10;    8;   30;   68; 121;  28
13; Tolima       ; 48;    8;   12;   28;   59; 109;  28 


Season: 1964

 1; Millonarios  ; 48;   21;   15;   12;   87; 72;   57
 2; Cúcuta       ; 48;   19;   18;   11;   79; 56;   56
 3; Medellín     ; 48;   19;   16;   13;   85; 73;   54
 4; Quindío      ; 48;   18;   16;   14;   81; 68;   52
 5; Cali         ; 48;   15;   21;   12;   83; 71;   51
 6; Santa Fe     ; 48;   17;   14;   17;   89; 85;   48
 7; Pereira      ; 48;   15;   18;   15;   74; 67;   48
 8; América      ; 48;   15;   18;   15;   71; 71;   48
 9; Nacional     ; 48;   17;   13;   18;   85; 82;   47
10; Magdalena    ; 48;   16;   12;   20;   78; 93;   44
11; Tolima       ; 48;   12;   17;   19;   63; 84;   41
12; Once Caldas  ; 48;   13;   14;   21;   64; 94;   40
13; Bucaramanga  ; 48;   11;   16;   21;   63; 86;   38

Season: 1965

 1; Cali         ; 48;   27;    8;   13;   93; 65;   62
 2; Nacional     ; 48;   22;   16;   10;   71; 58;   60
 3; Millonarios  ; 48;   18;   21;    9;   91; 66;   57
 4; Pereira      ; 48;   22;   12;   14;   92; 56;   56
 5; Santa Fe     ; 48;   22;   12;   14;   99; 74;   56
 6; América      ; 48;   14;   22;   12;   77; 67;   50
 7; Once Caldas  ; 48;   15;   17;   16;   75; 77;   47
 8; Medellín     ; 48;   16;   14;   18;   90; 91;   46
 9; Bucaramanga  ; 48;   17;   11;   20;   66; 80;   45
10; Magdalena    ; 48;   14;   16;   18;   68; 77;   44   
11; Tolima       ; 48;   14;   11;   23;   53; 89;   39
12; Quindío      ; 48;   11;   10;   27;   64; 90;   32
13; Cúcuta       ; 48;   10;   10;   28;   53; 102;  30

Season: 1966

 1; Santa Fe     ; 52;   25;   16;   11;  102; 76;   66
 2; Medellín     ; 52;   25;   13;   14;  106; 73;   63
 3; Pereira      ; 52;   24;   13;   15;   90; 83;   61
 4; Once Caldas  ; 52;   24;   11;   17;  101; 83;   61
 5; Millonarios  ; 52;   23;   12;   17;   98; 88;   58
 6; Cali         ; 52;   20;   15;   17;   83; 76;   55
 7; Cúcuta       ; 52;   19;   16;   17;   77; 72;   54
 8; Júnior       ; 52;   21;   11;   20;   94; 88;   53
 9; Magdalena    ; 52;   21;   10;   21;   76; 79;   52
10; América      ; 52;   17;   15;   20;   60; 69;   49
11; Bucaramanga  ; 52;   13;   16;   23;   71; 89;   42
12; Nacional     ; 52;   15;   11;   26;   81; 103;  41
13; Tolima       ; 52;   15;   11;   26;   74; 98;   41   
14; Quindío      ; 52;   12;   11;   29;   74; 101;  35

Season: 1967

 1; Cali           ; 52;   29;   15;    8;   89; 48;   73
 2; Millonarios    ; 52;   26;   13;   13;  109; 74;   65
 3; América        ; 52;   20;   21;   11;   85; 69;   61
 4; Pereira        ; 52;   19;   22;   11;   88; 73;   60 
 5; Junior         ; 52;   24;   11;   17;   80; 64;   59
 6; Santa Fe       ; 52;   19;   15;   18;   87; 79;   53
 7; Quindío        ; 52;   16;   18;   18;   79; 82;   50 
 8; Cúcuta         ; 52;   16;   17;   19;   68; 77;   49
 9; Medellín       ; 52;   16;   17;   19;   71; 83;   49
10; Magdalena      ; 52;   15;   17;   20;   94; 96;   47 
11; Nacional       ; 52;   14;   19;   19;   75; 81;   47
12; Bucaramanga    ; 52;   14;   17;   21;   57; 77;   45 
13; Once Caldas    ; 52;   13;   13;   26;   77; 92;   39 
14; Tolima         ; 52;    7;   17;   28;   46; 110;  31

